line
0 0 0 100 0 0
line
100 0 0 100 100 0
line
100 100 0 0 100 0
line
0 100 0 0 0 0
line
0 0 100 100 0 100
line
100 0 100 100 100 100
line
100 100 100 0 100 100
line
0 100 100 0 0 100
line
0 0 0 0 0 100
line
0 100 0 0 100 100
line
100 100 0 100 100 100
line
100 0 0 100 0 100

line
35 75 100 65 75 100
line
65 75 100 65 45 100
line
65 45 100 35 45 100
line
35 45 100 35 75 100

line
35 75 80 65 75 80
line
65 75 80 65 45 80
line
65 45 80 35 45 80
line
35 45 80 35 75 80

line
35 75 100 35 75 80
line
65 75 100 65 75 80
line
65 45 100 65 45 80
line
35 45 100 35 45 80

line
45 55 100 55 55 100
line
55 55 100 55 65 100
line
55 65 100 45 65 100
line
45 65 100 45 55 100

line
40 70 0 60 70 0
line
60 70 0 60 50 0
line
60 50 0 40 50 0
line
40 50 0 40 70 0

line
40 0 -60 60 0 -60
line
60 0 -60 60 -20 -60
line
60 -20 -60 40 -20 -60
line
40 -20 -60 40 0 -60

line
40 70 0 40 0 -60
line
60 70 0 60 0 -60
line
60 50 0 60 -20 -60
line
40 50 0 40 -20 -60

line
35 0 35 65 0 35
line
65 0 35 65 0 65
line
65 0 65 35 0 65
line
35 0 65 35 0 35

line
35 0 35 35 -65 35
line
65 0 35 65 -65 35
line
65 0 65 65 -65 65
line
35 0 65 35 -65 65

ident
scale
2 2 2
move
125 125 0
rotate
z 20
rotate
x 20
rotate
y 20
rotate
y 20
rotate
x -13
rotate
y 20
apply

display
save
leela.png
