# head
line
308 235 0 321 300 0
bezier
320 300 360 380 205 405 183 282
# eyes
circle
195 268 0 20
circle
245 268 0 22
# pupil
circle
195 260 0 1
circle
195 260 0 2
circle
195 260 0 3
circle
195 260 0 4
# pupil
circle
245 260 0 1
circle
245 260 0 2
circle
245 260 0 3
circle
245 260 0 4
# nose bridge
hermite
211 277 175 216 70 -60 40 -60
# cheek
line
184 250 0 184 238 0
# nose fingers
line
173 223 0 165 193 0
line
188 220 0 180 190 0
line
203 220 0 195 190 0
line
218 217 0 210 187 0
line
233 217 0 225 187 0
# nose ends
bezier
165 193 170 185 175 190 180 190
bezier
180 190 185 182 190 187 195 190
bezier
195 190 200 182 205 187 210 187
bezier
210 187 215 179 220 184 225 187
# back of neck
hermite
308 235 317 180 -30 -60 0 0

# shoulder
line
184 186 0 184 176 0
bezier
184 176 194 136 170 120 102 115
hermite
318 180 390 125 -25 -45 25 25

display
save
zoid.png
